0 0 3 0 1 4 2 6 5 7 
3 1 0 3 1 4 2 6 5 7 
4 2 4 3 1 0 2 6 5 7 
7 1 4 3 1 7 2 6 5 0 
1 3 4 3 0 7 2 6 5 1 
5 1 4 3 5 7 2 6 0 1 
6 1 4 3 5 7 2 0 6 1 
2 1 4 3 5 7 0 2 6 1 
4 1 0 3 5 7 4 2 6 1 
1 3 1 3 5 7 4 2 6 0 
4 2 1 3 5 7 0 2 6 4 
2 1 1 3 5 7 2 0 6 4 
6 1 1 3 5 7 2 6 0 4 
4 1 1 3 5 7 2 6 4 0 
7 1 1 3 5 0 2 6 4 7 
4 3 1 3 5 4 2 6 0 7 
7 1 1 3 5 4 2 6 7 0 
5 3 1 3 0 4 2 6 7 5 
3 1 1 0 3 4 2 6 7 5 
1 1 0 1 3 4 2 6 7 5 
2 1 2 1 3 4 0 6 7 5 
1 3 2 0 3 4 1 6 7 5 
2 1 0 2 3 4 1 6 7 5 
1 1 1 2 3 4 0 6 7 5 
5 2 1 2 3 4 5 6 7 0 
38 0.24470090866088867